id,name
1,1
2,2
3,3
4,4
5,5
6,6
7,7
8,8
9,9
10,10
11,11
12,12
13,13
14,14
15,15
16,16
17,17
18,18
19,19
20,20
21,21
22,22
23,23
24,24
25,25
26,26
27,27
28,28
29,29
30,30
31,31
32,32
33,33
34,34
35,35
36,36
37,37
38,38
39,39
40,40
2646,2646
2660,2660
2674,2674
2688,2688
2702,2702
2716,2716
2730,2730
2744,2744
2758,2758
2772,2772
2786,2786
2800,2800
2814,2814
2828,2828
2842,2842
2856,2856
2870,2870
2884,2884
2898,2898
2912,2912
2926,2926
2940,2940
2954,2954
2968,2968
2982,2982
2996,2996
3010,3010
3024,3024
3038,3038
3052,3052
3066,3066
3080,3080
3094,3094
3108,3108
3122,3122
3136,3136
3150,3150
3164,3164
3178,3178
3192,3192
3206,3206
3220,3220
3234,3234
3248,3248
3262,3262
3276,3276
3290,3290
3304,3304
3318,3318
3332,3332
3346,3346
3360,3360
3374,3374
3388,3388
3402,3402
3416,3416
3430,3430
3444,3444
3458,3458
3472,3472
