sample,term_id,tte,exit_code
2646,efs,9.91686851317694,0
2660,efs,22.9886460629516,0
2674,efs,10.3887112356267,0
2688,efs,23.3263087443547,0
2702,efs,17.376242065206,0
2716,efs,13.8581457215291,0
2730,efs,4.81822123404445,0
2744,efs,3.61596692467235,0
2758,efs,13.4089774451278,0
2772,efs,21.2456458655987,0
2786,efs,23.2200340039001,1
2800,efs,5.33950466840666,1
2814,efs,18.9735646324919,1
2828,efs,19.9846336327789,1
2842,efs,20.4807743944322,1
2856,efs,19.8150598085898,1
2870,efs,21.2655317289835,1
2884,efs,4.71264958642226,1
2898,efs,9.79716948647757,1
2912,efs,6.11876250554519,1
2926,efs,5.31080600315463,1
2940,efs,18.4691650377752,1
2954,efs,22.3770716768577,1
2968,efs,13.9877445328651,1
2982,efs,18.6215450909221,1
2996,efs,16.9263612089152,1
3010,efs,23.1691520547854,1
3024,efs,3.14252508919701,1
3038,efs,23.3131535950617,1
3052,efs,20.2795015047859,1
3066,efs,10.3325501021312,1
3080,efs,18.0604667382422,1
3094,efs,3.09964894543842,1
3108,efs,19.282736660898,1
3122,efs,22.8295756907445,1
3136,efs,10.4065964271931,1
3150,efs,16.4688578827656,1
3164,efs,23.4025979396876,1
3178,efs,7.18514963865461,1
3192,efs,3.77426192949504,1
3206,efs,3.78071907502574,1
3220,efs,8.28010943343525,1
3234,efs,24.5740505014717,1
3248,efs,9.02248609243275,1
3262,efs,3.4093215631819,1
3276,efs,18.5074627715159,1
3290,efs,10.7672757733442,1
3304,efs,22.3226754277267,1
3318,efs,6.08907567144379,1
3332,efs,7.47000361840406,1
3346,efs,19.0871620217631,1
3360,efs,24.8489943822711,1
3374,efs,15.9216173673592,1
3388,efs,22.6460478459732,1
3402,efs,14.5512738507596,1
3416,efs,23.0352921512582,1
3430,efs,20.8987206955953,1
3444,efs,10.2899934849442,1
3458,efs,7.36200140003814,1
3472,efs,22.2925169391203,1
1,efs,14.1950574228154,1
2,efs,23.4084390805782,1
3,efs,6.17041976450942,1
4,efs,22.5000292690596,1
5,efs,19.6238456718822,1
6,efs,18.9493750755651,1
7,efs,10.0150387631414,1
8,efs,14.6900260569415,1
9,efs,17.9265988175152,1
10,efs,20.9221513068937,1
11,efs,18.8996585389569,1
12,efs,11.5196047974658,1
13,efs,23.5999681005754,1
14,efs,15.1406889430572,1
15,efs,3.89921386778591,1
16,efs,11.4973560219968,1
17,efs,7.61789078885624,1
18,efs,8.05628309330551,1
19,efs,3.4468023128122,1
20,efs,6.16113485090785,1
21,efs,22.3279677448733,1
22,efs,21.7297518723731,1
23,efs,21.8525271100508,1
24,efs,11.9954426470324,1
25,efs,19.2931447960221,1
26,efs,18.0345102148484,1
27,efs,13.9513045861216,1
28,efs,13.0557937918855,1
29,efs,17.9418068598324,1
30,efs,3.29701269242638,1
31,efs,8.08557061025474,1
32,efs,17.4083624736862,1
33,efs,21.6346075309831,1
34,efs,12.5901932213978,1
35,efs,3.76231457894329,1
36,efs,13.4523122070796,1
37,efs,16.979222448087,1
38,efs,11.2567476895021,1
39,efs,10.9528607800754,1
40,efs,11.718580499745,1
2646,os,12.4547489304993,1
2660,os,6.03605183338449,1
2674,os,6.84719966722576,1
2688,os,19.1853910476854,1
2702,os,14.9786048120584,1
2716,os,19.5572183697287,1
2730,os,13.5839248258292,1
2744,os,23.5070116918559,1
2758,os,20.8035588657903,1
2772,os,13.8857261006726,1
2786,os,20.2791342995116,1
2800,os,5.02900779670311,1
2814,os,8.80865338137931,1
2828,os,20.3396093890779,1
2842,os,15.1292399307459,1
2856,os,23.0995541191459,1
2870,os,21.4867063036495,1
2884,os,10.2492826595037,1
2898,os,20.8693676250178,1
2912,os,15.9036573159222,1
2926,os,10.1649687410486,1
2940,os,18.1870896378231,1
2954,os,10.8023204426118,1
2968,os,7.50318627932901,1
2982,os,21.0728324301194,1
2996,os,6.85841886304065,1
3010,os,21.1123001782115,1
3024,os,9.98640825820223,1
3038,os,9.48436003912774,1
3052,os,4.82250135028312,1
3066,os,19.3825271578473,1
3080,os,13.2982672077541,1
3094,os,10.2828527013602,1
3108,os,17.6390008228204,1
3122,os,17.5964601437597,1
3136,os,14.9813328436139,1
3150,os,16.9084630894649,1
3164,os,20.9753003736067,1
3178,os,14.7890699715319,1
3192,os,10.8105232361701,1
3206,os,17.2199759687665,1
3220,os,10.4591579616939,1
3234,os,23.0858343042546,1
3248,os,8.15997204050372,1
3262,os,11.9382655679497,1
3276,os,23.2474106178247,1
3290,os,13.6204426979032,1
3304,os,24.4218145194504,1
3318,os,5.86083113393147,1
3332,os,23.7851488874349,1
3346,os,13.1053683800215,1
3360,os,19.7166436974502,1
3374,os,15.7597462786029,1
3388,os,11.3563989338041,1
3402,os,17.6709141821101,1
3416,os,6.96855423744243,0
3430,os,16.3780876733443,0
3444,os,4.79367894234877,1
3458,os,6.29131489360641,1
3472,os,22.3907215709403,0
1,os,6.90045319172945,1
2,os,3.87542561983172,1
3,os,17.2601754834008,1
4,os,9.71122342055056,1
5,os,16.0756341288908,1
6,os,5.60617138473878,1
7,os,7.79482248693927,1
8,os,9.34857296109478,1
9,os,4.75426807830509,1
10,os,5.90449865607456,1
11,os,9.51909557192331,1
12,os,21.2178191825321,1
13,os,7.9320861565839,1
14,os,9.90211731291074,1
15,os,8.10207103543894,1
16,os,20.3898309142259,1
17,os,15.8964139429047,1
18,os,3.45771366034254,1
19,os,14.0138967156724,1
20,os,14.7539572364125,1
21,os,3.37168875802613,1
22,os,11.8599616726631,1
23,os,3.37446246098351,1
24,os,13.5292954265179,1
25,os,15.893622395868,1
26,os,13.3345413554181,1
27,os,21.7845031814203,1
28,os,22.2059341795723,1
29,os,5.45999793771502,1
30,os,4.56314797281587,1
31,os,24.1389026977467,1
32,os,23.9253539800463,1
33,os,14.1907241841306,1
34,os,16.9403934639493,1
35,os,3.38773036715204,1
36,os,19.1777543205209,1
37,os,22.7281222345778,1
38,os,6.54832322132021,1
39,os,11.4209612325187,1
40,os,7.34744435384608,1
